0.12796251956111968
0.12920495549762726
0.12909035819438103
0.12746787505767135
0.12920811273341612
0.1282954515027398
0.12738071513265406
0.128476346484214
0.12843571628080752
0.12953396985210616
0.12805991637128067
0.12761607643819728
0.1278242847933338
0.12837583663346053
0.12864079529322472
0.1283148794258199
0.12877277018885686
0.1280116436668838
0.12900588240083574
0.12846481852295888
0.1281445680776247
0.12699290943392014
0.12810960401376062
0.1281401824541472
0.12735912591698045
0.12863393017206268
0.1294889973130815
0.12781058913317267
0.1280251075219098
0.12863911820512122
0.1269858762795893
0.12758533101058556
0.12811002527476853
0.12921688908398707
0.1280444331795963
0.1278144549430783
0.1289128430456636
0.12938217524079196
0.12756875274912458
0.12836676118009402
0.1285152010799551
0.12872024117098746
0.12799335802751488
0.12858155541173893
0.12912325765765736
0.12823929652573277
0.1266094531477866
0.12917636676263575
0.12879243220057576
0.12813788600961917
0.12891696264634936
0.12852967922583175
0.1295517335986633
0.12879027548745817
0.12882993914898233
0.1290086151026198
0.12824326391178753
0.12766422839078642
0.1283984712586903
0.12974103475652965
0.12947329227234158
0.12876861349859126
0.12959721281408307
0.12759129095497482
0.12903357240082836
0.12888060022039252
0.12805167125968206
0.12844015584648424
0.12855794258517764
0.12776802992160616
0.12832823920500377
0.1282887188247076
0.12864336331387013
0.12791044994345246
0.1285039640770308
0.12846991776134298
0.1284736476181251
0.12987759952159314
0.1283122748275657
0.12933143470733663
0.12828894463517365
0.12748964432967633
0.12810951084849156
0.12766540911323987
0.1282759706658505
0.12975546915245145
0.12852895892838315
0.12950901526611
0.12915752382036477
0.12744135329581222
0.1296245072702178
0.12846544172859506
0.12856057426717088
0.12843799864356023
0.12839787903839842
0.1285311620753378
0.1273597349545872
0.12807932017555712
0.12851694205398953
0.12785927484926102
0.12876095329153076
0.1295195313725507
0.1288000777986233
0.12926151827583723
0.12825300890908323
0.12938952261721376
0.1287592134169835
0.1290046571727702
0.12750144697927848
0.12841466601436108
0.12789464028677985
0.12930583198370385
0.12896038392039647
0.12708446094441553
0.12754283885444678
0.12746703374876822
0.12901593433893926
0.12876567268192715
0.12768711581821482
0.12873659800480916
0.12941166941298077
0.128202966414017
0.12923469976104537
0.12839882756386994
0.1288844910121468
0.1276752725185027
0.12808501983386605
0.1278480193591776
0.13029792338001653
0.12877193551925545
0.1270138444180162
0.12799859744244718
0.12799935553772848
0.12813509453026656
0.12912690333592813
0.12920453514362376
0.1276927143550077
0.12995148013710658
0.12848818029114378
0.12707793293574204
0.12771758200523528
0.1280066854295514
0.1288970564536454
0.12895870814219976
0.12893061199972766
0.1294894519905247
0.1290914694221047
0.12732341627587232
0.12915180190270392
0.12925803137419495
0.1289321894753067
0.12978721681645838
0.127442575308728
0.12912856380094065
0.1279537714213217
0.12900610138897556
0.12790861161689507
0.12782400990574927
0.12793130490446084
0.12807024870280384
0.12821978216155006
0.12856668615693567
0.12704884506857284
0.12837936971166575
0.12784081504713482
0.12730078794667055
0.12888892266836552
0.12991621084134827
0.12850182354058484
0.12811559585788096
0.12845449200643377
0.12743235215184115
0.12723633913167312
0.12720999218790513
0.12771885826616255
0.1287555239556088
0.12735991242394898
0.12900506510660883
0.12927314894636735
0.12838326666801045
0.12903819534077343
0.12871503817285027
0.12863180990453252
0.12797579212576826
0.1288906259415923
0.12900100839464462
0.12721312262818107
0.12883829290935617
0.12974644306528368
0.12802022382846664
0.1280533041448739
0.12812588999758315
0.1282954258392937
0.12877153738444377
0.12827014443425683
0.12968089624841028
0.12779388568376854
0.12866898629581422
0.12713756391331388
0.1286368076269687
0.12824382596929546
0.12788290916278988
0.12799108925327587
0.12813922393779095
0.12857723219875217
0.12857973078551962
0.12887285451585928
0.12795863861680648
0.12815320730726915
0.12888618720598516
0.127811788158236
0.12873375087499392
0.12824424261589662
0.1290314066031926
0.1277103170326556
0.12800616339256327
0.12781347348113944
0.1294239778048063
0.12805580893480178
0.1286724919641441
0.12867561955689372
0.12815570203035706
0.1281475669776264
0.12743026818111286
0.12982474579651146
0.12901886262577036
0.12752578066223738
0.1290003252604269
0.12926756293492317
0.12922545348564704
0.12842995350268688
0.12889924455742355
0.12784290723717487
0.12752492025462125
0.12905892460867152
0.12801332792609868
0.12860918061275123
0.12795853588591022
0.12900086415297227
0.12937939340472718
0.1280250550956508
0.127873864360583
0.12787880074238941
0.12890615298884922
0.1286896418826421
0.12830125522542066
0.12866291847806632
0.12704401385574038
0.12818632916852954
0.12944717686976687
0.1275243073874947
0.128329293347728
0.1274112960660288
0.12921801953974624
0.12855109908545115
0.1277150950886854
0.12855738893885355
0.12833272260665177
0.12730806223945512
0.12853738960814176
0.1278362576156069
0.1283451275192684
0.12752427801111757
0.1283300732326434
0.12925134905016242
0.12830132574209774
0.1288492745457705
0.12821484969560978
0.12814912292345332
0.12793268350778467
0.1280985623083441
0.1278280152154747
0.12824658705966538
0.12790149162166037
0.1279238884234441
0.12891072147841648
0.12846914218559027
0.12859468501338844
0.1302104691980482
0.1273051470796128
0.1274324267319772
0.12991359114383436
0.12918100016875622
0.12744283107985244
0.12850575615235338
0.12720176277168377
0.12735202839461096
0.12834152301302376
0.1282673864019875
0.12794054544751413
0.12943693780548463
0.12922602397790148
0.12769917477674464
0.1284853064288813
0.1291778596251334
0.1270649020417616
0.1301539848733396
0.12692455103844638
0.12861392993210238
0.1294627585799908
0.12812207523245442
0.12814330616315814
0.1296025383163225
0.12875779263934967
0.12892090070033785
0.1280024408392704
0.1287178585463322
0.12832600635915448
0.12779119846187767
0.12839591956168422
0.1283031762600583
0.12810501213074546
0.127817778291121
0.12929229667721373
0.12863085149220724
0.12759172634580382
0.1283755348397412
0.12904263497449825
0.1290451166622563
0.1278640428831342
0.1273269604581051
0.12943709747850382
0.12884503388470234
0.1290753275833429
0.1272698765572274
0.12811739528840263
0.1274102320293137
0.12889036152271466
0.1283934834362493
0.12831929758873453
0.12674818421656928
0.12809937770733673
0.12861765377104784
0.1283707353689463
0.1288737397966823
0.12834871747944016
0.12800452592642478
0.12774656522005665
0.12832695091830482
0.12840793329530814
0.12877071068923587
0.12772584794070033
0.12923946584441443
0.12744680331070937
0.12828825705285674
0.12810829425170547
0.12775406587527557
0.12853081335761987
0.1285918106221515
0.12792774352418268
0.1280684476615702
0.12782838873253138
0.12880225228353362
0.12899155649249863
0.12791998850774788
0.12889438377555446
0.12967884731417845
0.12791302323718556
0.1279857089657041
0.1280620022724169
0.12788816578903173
0.1283532294931574
0.12740646860309948
0.1286054578588418
0.12823013616675508
0.12911563826542719
0.12902231066123326
0.12928682594811505
0.12873992496312167
0.12878486512565263
0.12988285455758666
0.12899371703937867
0.12833990458469474
0.1282067376270107
0.12832618606630936
0.1282103453651317
0.1275630458077389
0.12983428510173886
0.12899009689019938
0.12673334639979705
0.12897111457551907
0.1303263549090097
0.1279253023860837
0.12935326583254478
0.1279603335119689
0.12947891613334345
0.1287549090408902
0.12830243148531217
0.1292348772382998
0.12978314344027184
0.1288902753402484
0.12927900794297034
0.12902344594912682
0.12859773438600752
0.12856875625707478
0.12740429949786483
0.1291521330289691
0.12849635902507295
0.1292271553591007
0.12797762755486392
