0.12459224874162379
0.12586216316882975
0.12569295742163758
0.12512538106997775
0.12457972694425712
0.12448438366855141
0.12396709045879871
0.12588895540251147
0.12486671269821657
0.1253324124318754
0.1256569211612302
0.12423440100567526
0.12518502631479173
0.12524638412852973
0.12493049121043937
0.12441484596409534
0.12463525386032633
0.12477218201248433
0.12647935726070011
0.1264949313602362
0.12437375551073672
0.12489553501505281
0.1237404118758958
0.12535518286801106
0.12462024570559764
0.1251618503751823
0.1254695841938114
0.12611557308037677
0.12533592595472848
0.1268144364129614
0.12532361161906344
0.12644162405797954
0.12546545901150316
0.12580246072563053
0.12510297452807245
0.12461588710139902
0.1247754479289666
0.1251329668120178
0.12735944938289323
0.12659214615928432
0.12480920335843643
0.12529515882120354
0.12665479557642545
0.12589511615437776
0.12517747012248387
0.12463602998815212
0.12400702460851452
0.1247170458544786
0.12624387051553862
0.12691646782673954
0.12632865209048927
0.12612492837475023
0.12467983808430996
0.12562830869012384
0.12571351345262416
0.12468035106157033
0.12482235723013516
0.1256004737756961
0.12536738715697943
0.12552066763116818
0.12485778075688082
0.1251695401076365
0.12484872139946147
0.12388147827216434
0.12547838369970038
0.1263470075495297
0.12580090784084053
0.12603617198907746
0.12516938833309058
0.12546690089325457
0.12401117574734022
0.1260896021266266
0.1249590776889875
0.12574746858528504
0.12571065439702547
0.1252119485329572
0.1258415410264616
0.12656010860913888
0.12501692920459306
0.1246270531036869
0.12427360377744603
0.12604535112398876
0.12487916864662846
0.12559140691971435
0.12561560019297072
0.12435452171747319
0.12484897062180195
0.12624141031116518
0.12567961568259572
0.12522770828695015
0.12455166763574235
0.123995705526886
0.12557815396326527
0.12547531056060904
0.1253827209657356
0.12674379570457078
0.12656306210141213
0.12523907583124616
0.12498098417462662
0.12589570622009183
0.12611599753915742
0.12507120322528678
0.12585886810858
0.12451678801107761
0.12501953676732305
0.12427209161882631
0.12532182583691195
0.12544767881539948
0.12498875539918503
0.12618316923505876
0.12534118738531444
0.12393411040356422
0.12439926154581978
0.12532187006618137
0.1247644966287777
0.12531511733354905
0.12713107452585454
0.12519456539449256
0.1253509493394672
0.1258449357828166
0.12533844597156707
0.12566626048939414
0.12571657903896374
0.12477932539571664
0.12534839542030032
0.12492841962149723
0.12642408043515208
0.12521158001041605
0.12421982913446157
0.12621051614497228
0.12514792024826057
0.12570733268682557
0.12487400640123264
0.12477058034326256
0.1256934297179724
0.12555450736695273
0.1250565290355446
0.1262941570566898
0.12499925653148856
0.12543399863932359
0.12541493752303576
0.12510758609678443
0.12457877139583645
0.12569836307791235
0.1254479653242763
0.12656861585121135
0.12552708653705558
0.12635690802844493
0.12541505201479858
0.12601717839545856
0.1251076324686372
0.12679066676818015
0.1248878017399818
0.12653273341987162
0.12483828809314391
0.12548380271333445
0.1244766422620265
0.1256451058785539
0.12587137056688338
0.12616337636551267
0.12554433314484817
0.12718131520070572
0.12695454808025594
0.12456358961395299
0.12441505165833561
0.12488044887864705
0.12615649725913355
0.12549233374315333
0.1271811406445708
0.1256820969087816
0.127397722996885
0.1258103465787776
0.12563942500369318
0.125152035630138
0.1262325238731674
0.12420272198716219
0.12414863379865897
0.12472931701512506
0.12663836747485252
0.12587213610554976
0.1249683637568517
0.12598709260622043
0.1252394519224189
0.12520068599229608
0.12572954654602334
0.12512768321166529
0.125460052014698
0.1256999876683425
0.12526324168847483
0.12552908469836102
0.12580422166363123
0.1247105625464705
0.1250018703120602
0.12463454642606739
0.1254925665618385
0.12499766006710505
0.12459910398207627
0.12583498317519196
0.12481824053879377
0.12539167294444012
0.1267234304396819
0.12387988820598492
0.1250332966252703
0.12559661956461524
0.12610010622527773
0.12703073562974204
0.1261173711625312
0.12571304051693172
0.12536323184135698
0.12509487001515396
0.12484350600871726
0.125965487065784
0.12482134246863347
0.12460939582570663
0.12502636585219706
0.1253014206205996
0.12527280490675538
0.12472583058845654
0.1258803803558137
0.1254009672129427
0.12640334304972559
0.12464796152463542
0.1261792284407307
0.12478154776049818
0.12523931186343149
0.12569780777343673
0.12631584641137794
0.12679182342983195
0.12377638064459215
0.1252187669682982
0.1252538591196456
0.1257904540685969
0.12618460320665992
0.1256765388552165
0.12548770867303574
0.12438574783194917
0.12619765991650853
0.12525675374207934
0.12519858557705027
0.12493565178484262
0.12629094245509015
0.1254150717593884
0.12679083497948074
0.12671267856633384
0.12492108347897053
0.12593449509836274
0.12572921153787406
0.12505477355555975
0.12637176539875045
0.12562368718258182
0.12472734392731159
0.12468296328943308
0.12388151833350512
0.1257871275760297
0.12712192393075317
0.12657330566769334
0.12666850319419312
0.12594479821909943
0.12585943696146035
0.1256321899583552
0.1261292259829188
0.12555989010921859
0.1262272819770814
0.12520518728804408
0.12529246278031053
0.12522993502659788
0.12609722757077185
0.12585333090496958
0.12504720034926728
0.1261568171917991
0.12521109014045276
0.1256170114638788
0.12451281147584767
0.12448925414571299
0.12482980891949925
0.12534299163136584
0.12455971931394438
0.12676001996079905
0.12508790023654376
0.1261841553828477
0.12535281791172495
0.12489519629013897
0.1258062781009547
0.1267497629631606
0.12561797512882622
0.12582024754628357
0.1254635488818767
0.1267665570101634
0.12635073456296064
0.12517988664815863
0.1261280619271221
0.12591814185406972
0.12479047848195045
0.1245541065811561
0.1259593899766769
0.12659888968675687
0.12550078399616382
0.1264510786887668
0.12579658908411445
0.12503501395118213
0.12624085035939245
0.1257055470434955
0.12473697941121967
0.12479142382557881
0.12552323107050925
0.1246213445754717
0.12491960817544802
0.12476144264387633
0.1248607041386963
0.12490161688797437
0.1244399864711422
0.12585014413055323
0.12436987949571547
0.12557132423629522
0.1246689855987771
0.12483523615667581
0.126258945509694
0.12616155135701873
0.12685799049370852
0.12528865215916962
0.12376035415911958
0.12710838084860712
0.12533966983018657
0.1255602727156041
0.12561100367170247
0.12589098550090028
0.1280330495336874
0.1253802374596766
0.1269201671220862
0.12498166221994296
0.12590494349851558
0.1255711947643135
0.12530643315560724
0.12509608508913586
0.12455649079747422
0.12467928169950555
0.1257001941394609
0.12488844480391326
0.12471173983670793
0.12512426671000654
0.12566537129918243
0.125099746141028
0.12447877907488183
0.12509325691457454
0.1258612200972887
0.1257455589260839
0.12602969944203746
0.12486440391568296
0.12639372126738824
0.12476132843192718
0.12458210631488509
0.12481656819342997
0.12445020641110734
0.12502080027321122
0.12390141918133675
0.12546715236860229
0.12545133310745452
0.12463526158278877
0.12546016728229695
0.12517125188701334
0.12544620257049677
0.1256033500675158
0.12487549587586298
0.1251157538449468
0.12674524419146016
0.1277186982488042
0.12634287993431817
0.1262628449096218
0.12413125195775068
0.12574449920562844
0.12711042071564554
0.1255106058555303
0.12601076425545518
0.12482194078554293
0.12594510506576345
0.12499330262674979
0.12592887167252992
0.12620847228032864
0.12533784208496257
0.12480891877144776
0.1245095453364264
0.125351010737986
0.12518383411684564
0.12560994549674925
0.12431419902564567
0.12603207846669243
0.12468385537538816
0.12630240608276688
0.12449019992144618
0.12653536184271408
0.12540245592508276
0.12597282517006803
0.12533688178384633
0.12521790005594297
0.12390093400400115
0.12418379846817264
0.1248980830404645
0.12482258195139335
0.12570309349659525
0.12618444018028832
