0.12172379966689115
0.12179163543286568
0.12407119015705997
0.1210829602706355
0.12241364408826895
0.1217983259000739
0.12185446825061413
0.12235618378970844
0.12239463141788903
0.12316411208036292
0.12164907865288348
0.12224513302878416
0.1212219100358361
0.12186331380823963
0.12199295315513742
0.12228483202466844
0.12154074739246361
0.12143750769728658
0.12225464762075766
0.12297799686759378
0.12195855559506065
0.12112434300224742
0.12195129665040168
0.12206200067873697
0.12173974944572084
0.1224007430152163
0.12239643745453331
0.12202481534740336
0.12243678430544484
0.12197129692463345
0.12089734389341403
0.12290838151842058
0.1220244571308439
0.12332604324498088
0.12246812816986774
0.12174275142453977
0.1227663989162837
0.12234040008610998
0.12325904469449311
0.12198184848692897
0.12281492969063351
0.12233272851799912
0.12248139617910905
0.12222301500853891
0.12381754832673082
0.12186322565863444
0.12013827486910425
0.12310188739021323
0.12226333369352009
0.1218072158179433
0.12202869059810832
0.12273460084280048
0.1227309068776015
0.12219080634190145
0.12232227698784842
0.12169026510299104
0.12272834371376877
0.12222164685946074
0.12294650096675368
0.12280887857197341
0.12411717678191893
0.12181131667201268
0.1228898285203698
0.12087151427039458
0.12267508934191838
0.12255868061695309
0.12177599316722186
0.12217542338191928
0.12219135073995775
0.12198355354653301
0.12070084120748202
0.1219522731151539
0.12122306996626506
0.122536816578785
0.12412457731290213
0.12157876681859663
0.12179246359699716
0.12365468873848723
0.1226174244187648
0.12332415388171335
0.12128515091839906
0.12182732984898237
0.12173875123272485
0.12200823153639971
0.12290047237747205
0.12313066781773196
0.12286989475895088
0.12318279337510987
0.12444241327510161
0.12196285504394494
0.12303743991382513
0.12211232940038569
0.12261505527524157
0.12222307218515391
0.12146108378139331
0.1219818096245397
0.1214473584362961
0.12146844653539407
0.12102323209908283
0.12253719423044476
0.12261978978599698
0.12315900023098288
0.12308131909579169
0.12276330059435973
0.12202842107686221
0.1227087679191344
0.1226802329682188
0.12350322224365946
0.12090380524960664
0.12186595717956329
0.12099345717167682
0.1217051420814348
0.12208449135578014
0.12051696696198148
0.12136161049717983
0.12180285965269187
0.12203300653515915
0.12282613914308455
0.12144593883459326
0.12339807881753269
0.12251593795013473
0.12146986746084522
0.12329476697920606
0.12186223461722297
0.1224164035913177
0.1219311453477981
0.12191783989846325
0.12189295310315672
0.12353474587541172
0.12206256739813033
0.12155786565228792
0.12085114327383771
0.1221628616017173
0.1218348782022017
0.12346458140778885
0.12236102869051224
0.12137595422350345
0.12283925457040407
0.1217982423736813
0.12093317654812412
0.12114411792463867
0.12186693323431665
0.12289379449798288
0.12287374838434904
0.12288063196786188
0.12322662733966445
0.12356138685053596
0.12280342147807603
0.1230419668451062
0.12291278721535137
0.12310772014795963
0.12282811084431108
0.12217624512247036
0.1235915457087217
0.12234402318587892
0.1233465057707653
0.12263287855627614
0.12131710937764245
0.12234228813148064
0.12240653011430228
0.12237592180391171
0.12293240047453452
0.12048778386976641
0.12101481585299373
0.12210875704385647
0.12187394516852547
0.12202111500305143
0.12308266049387138
0.1217768463132654
0.12292290736531228
0.12374583656280626
0.1211454231791688
0.12098995127594164
0.12066488304468745
0.1216090153180576
0.12212168976671614
0.12156094161798192
0.12146687368501376
0.12381664178534985
0.12188245556913427
0.1229822648679963
0.12232405300625974
0.12336193284409115
0.12358188435479979
0.12253999912395418
0.12311794163986689
0.12167303086373635
0.1228136996420116
0.12321219126210191
0.12220931981512158
0.12191747843256852
0.12148403150861067
0.1212785743092848
0.12143922761482422
0.12326447007708007
0.1233182275316562
0.12147485955785388
0.12232849549895776
0.12122260955214087
0.12257657652121161
0.12367357820707259
0.12142411453603272
0.12178735968628258
0.12130467224121748
0.12226193607437158
0.12223015866492751
0.12184437774204453
0.1221576670187265
0.12254235081418947
0.12152954684512755
0.1209749982023247
0.12380556389754084
0.12299111153379694
0.12236065388125528
0.12200801094416554
0.12189532057173182
0.12198879619024952
0.12267449555295902
0.12298451393353683
0.12277181062094193
0.1216510677790719
0.12101944911987757
0.12185023474707021
0.12135257549658568
0.12209813965480906
0.12311923193638423
0.1207975447606357
0.12300148058040866
0.12271904087372795
0.1235457006609325
0.12286855466538285
0.12317617554898107
0.12181629285863266
0.12171370568689903
0.12280752858009678
0.12211374211673877
0.12295117780883173
0.12277012690590282
0.12303225407492524
0.12259225371393691
0.12285172884523263
0.12176705261844337
0.12205917936730902
0.12292348979862473
0.12183083694067157
0.12261590468397322
0.12140756068899902
0.12135818691068533
0.12272400284457352
0.12418499284381317
0.12165829331995091
0.12290466797532608
0.12166790399716798
0.12365557970166491
0.12239008726732066
0.12257251311649564
0.12274279063512009
0.12287935240404545
0.120940947932036
0.12153929141832581
0.12209613591280548
0.12169869575932135
0.12258280783385057
0.12266890611418368
0.12208726805209576
0.12271920369063595
0.12283221782091082
0.12300419681673311
0.12233849742687573
0.12133903450161082
0.12195054875662344
0.12276708930263447
0.12255058986433973
0.12128800496973054
0.12151393108105446
0.12250375592331172
0.12124703013347589
0.12338374694637594
0.12258528689815239
0.12182205638567835
0.12100039937346248
0.12326795628403078
0.12279714985614311
0.12221236217719764
0.12283951196746153
0.12181080974136141
0.12188781151099708
0.12222107798891992
0.12223611650455106
0.12332823934665604
0.12284664036316567
0.12187016318068332
0.12150414191611889
0.12309427885812199
0.12359040606385162
0.12138859037013489
0.12292959468510442
0.12130593356074511
0.12285000035907577
0.12343907317913641
0.12170901640623771
0.12163980771265052
0.12164787870602667
0.12229604510956651
0.12213860245071256
0.12269604463646758
0.12222215940159074
0.12316277076965222
0.12137352638671915
0.1227356022220762
0.12224462973242828
0.12291617333627129
0.12282976312594993
0.12265469163226067
0.12127547396253827
0.12168945137242268
0.12301717524023723
0.12341554697417635
0.12188405627908
0.12259145317757164
0.12065892528190869
0.12292332202755066
0.12254938216897594
0.12240478171501651
0.12134864494872194
0.12219116423260344
0.12203460098029474
0.12390913999607826
0.12324499776687357
0.12198697695760553
0.12124105913081938
0.12166046294528536
0.12274569731970089
0.12222700512802415
0.12264332330453025
0.122189142102889
0.1221405115059586
0.12102667833681413
0.12168986630751401
0.1221404902562756
0.12186475414052726
0.1224551586075293
0.12235864940562237
0.1220392319519871
0.1221180002791358
0.12293286583337085
0.12261805706988704
0.12121720388405083
0.12283601703008597
0.12219311909819969
0.12168516414046407
0.12185007239679184
0.12261699010168264
0.12320729492336222
0.12190726362557279
0.12180873094541979
0.12250072618894493
0.12131479766565649
0.12193381405416204
0.12218670229423312
0.12076958335467586
0.12159579806279597
0.12164105855656773
0.12163322543882672
0.12266520745556625
0.12398314441389571
0.1225667550475494
0.12324346972229869
0.12240911707894168
0.12277180947563392
0.12334523226300075
0.12218234484267038
0.12181497404194977
0.12204216072811475
0.12246491296971404
0.12137531655726834
0.12152385556695768
0.12380947318408071
0.12193090279902799
0.11995669264637465
0.12239053735650068
0.12239357421885862
0.12200809790453426
0.1237630930883307
0.12167278979204409
0.12236008743238207
0.12270419448759584
0.12189558870417296
0.12201503940526823
0.12273394027493265
0.12241681181150343
0.12324115912360847
0.12283987993258898
0.12363649289880783
0.12269996434331203
0.12065190371078724
0.12239173353926332
0.12229630492352991
0.1231063883344075
0.12177599983635082
