0.11945551840645825
0.12022825999944245
0.1211214762356198
0.11950009508083632
0.12043052282699274
0.11992767544426323
0.12034820924851332
0.1199508698146718
0.12050841782051103
0.12116203390248372
0.11969094143156149
0.12014400270889446
0.11923474986778558
0.11971321643486262
0.12027014773907525
0.1203109662136593
0.11985783251854423
0.11969323789757366
0.11987275654322839
0.12077983164138205
0.11938208004484022
0.11874859244302449
0.12009163121995342
0.12060360526850628
0.11898237004419747
0.12022616353099692
0.11989354500246786
0.11921580834421802
0.11976227678413905
0.12054685397669071
0.11900960286140255
0.121110596133868
0.11934410915767119
0.12113547020352505
0.11958809559476416
0.12003956557451621
0.12097359088383652
0.12000935541272448
0.1203173590124539
0.12017878262164627
0.12124297586872584
0.12010666601938562
0.12071543673381813
0.12026144149659887
0.12078592210331461
0.11962566211519565
0.11804513842730155
0.12016267739382275
0.12034388149777
0.11965848926233265
0.12035803719617784
0.12032678629158726
0.12051231370566737
0.12056953395326313
0.12028089933523774
0.11980655276236546
0.12062860675928175
0.1190264393886055
0.12147100054560675
0.12059926538357182
0.12169557685353584
0.11948857131304415
0.12066456299337339
0.11924765620662
0.12021853776745053
0.12039945582513015
0.11960104534604761
0.12068658873563833
0.12009047605416888
0.11983969252488154
0.11870866626794156
0.12031966740279311
0.11935394355873184
0.12069025401376171
0.1210883041069947
0.11958176002820733
0.1197053062263659
0.12043321890864905
0.12022294650813398
0.12140576325436879
0.11909195716697164
0.11981875759821191
0.11920780341511897
0.12029067068674447
0.12041429155816574
0.12172583365405203
0.11996499059113079
0.12039800041308622
0.12139697065003122
0.11898569981714557
0.12086443778944651
0.12010014042839107
0.1207677708187371
0.11980159860934025
0.11990646310452081
0.12013288563861622
0.11902892197445758
0.11991302770549504
0.11902987932112326
0.12059559095493065
0.1207725423682217
0.12082814371719358
0.12048142794325903
0.12048634116680108
0.11919394957094681
0.12054468697810776
0.12010679305546239
0.12128679494094416
0.11946292016844849
0.12000936607276645
0.11830755596833642
0.11971889207380662
0.11991833768532605
0.11908929939425482
0.11908229945396383
0.11978802577870323
0.12034821578981246
0.12043073402975533
0.11950881732962192
0.12198547620455413
0.12076224956129597
0.11881790043627732
0.12051725148778843
0.11983271473840801
0.12010179577678022
0.1205787127543469
0.12012002573098761
0.12007836369863392
0.12167154285541613
0.11972967505218078
0.11891154228468614
0.11919078506804304
0.12022027253043563
0.11966114914369638
0.12092348047318782
0.1205347402288213
0.1199624957268349
0.12114286876513458
0.11950707364005894
0.11909392487406743
0.11906373625329374
0.11923841487567191
0.12089459219058529
0.12096128450264262
0.12106829456609143
0.12126752336436264
0.1211049142547934
0.1199439915515484
0.12084927934255907
0.12160555855460375
0.12093052346027143
0.12051045407237375
0.11997460225990836
0.12049158054947143
0.12033461839827023
0.12087497139743607
0.12038598009382669
0.11951913594361828
0.12020489901509286
0.1201030388882677
0.12005460904882848
0.12082386839514501
0.11876401969726258
0.11945190136660605
0.12010213739180979
0.1195784298981961
0.12044631788801531
0.12114733674815019
0.12003988134894891
0.12041450216012589
0.1212136684503291
0.11903111438949585
0.11941324259615346
0.1193867407043189
0.11923385749463732
0.11931494997556358
0.11969721949532947
0.11935494149499373
0.12153434281045916
0.11987716167276705
0.12031185530703141
0.12050996954585255
0.1206133096102553
0.12048828005452361
0.1202889243289923
0.12030459102613525
0.11938787173901191
0.11999112782554436
0.12016913184202481
0.12015982177612239
0.1197225888494437
0.11949556460635526
0.11909110239829801
0.1202844819564031
0.12097946979575058
0.12011328341993614
0.12015773878771864
0.12012597946461184
0.11913491851522609
0.12084120968929896
0.12092068197364074
0.1193463498316177
0.12002639161607033
0.11869481401417432
0.12193653398871046
0.11960237928973796
0.11923644352900521
0.1198428442613806
0.12032451424735152
0.11964665355894662
0.119306126140428
0.12223406817063687
0.12074982988520304
0.11989781810705678
0.12026868536582962
0.12059675876058745
0.12020426186967564
0.1200960811304589
0.12098300536516024
0.12034686372911574
0.11951239858821701
0.11950579251334181
0.12007549711065356
0.11942727707913466
0.1201686798208131
0.12066289861320428
0.11890383371897949
0.12074169645037067
0.1212424542320726
0.12155857847109491
0.1200528201955921
0.12081413894760233
0.12010195125956526
0.11923601950153796
0.11994822166306424
0.11983589380027586
0.12025634680916854
0.12000318804392082
0.12053859518056444
0.11968378719672479
0.12076841483228681
0.11932049766136092
0.11942761930106646
0.12086954556202718
0.11953488337539003
0.12001746712092892
0.11957512763157276
0.1193548581931201
0.12079823522576075
0.12092529356284462
0.11955727967468001
0.12002577582373745
0.11958990980768767
0.12208134931299963
0.11976975728282571
0.12012531863039322
0.12028340996326933
0.12080100722950587
0.11969804645559912
0.12039167227424868
0.11982540612298624
0.11935424457407874
0.12042184091576338
0.12040598177625865
0.12030674232860585
0.11969825473398432
0.12070433361217664
0.1204301020275131
0.11988449079645386
0.11928306169914984
0.12027941990616604
0.12064673998465274
0.12010897506517068
0.11981523039593232
0.11990193356674572
0.11990205443390793
0.11912747329641502
0.12115662157868046
0.12053358979969675
0.1194725857679173
0.11855071867875314
0.12088111728181918
0.1202127608101635
0.11959471188190311
0.12140112571153049
0.11955702850815357
0.11924373961933134
0.12027229850092216
0.12034223905988393
0.1203193043567114
0.12079330018874833
0.11945795003736293
0.11967885033771122
0.12008734150424347
0.12177691692605605
0.1195141561686335
0.12069623248089706
0.11957208346798301
0.12029854399964185
0.12045587178484114
0.12009793079095238
0.11997718373393662
0.11957872623558101
0.12072122967959345
0.12006944848936366
0.1202243668170729
0.12055519688784924
0.12106740668835875
0.11941220290362778
0.1204069518490109
0.11997307791100598
0.11979228579069677
0.12060419968928747
0.12073994008535446
0.1197507918572585
0.1198940029800633
0.11987120669125596
0.12056244195846065
0.12110812880360362
0.11940784086060441
0.11875903645394302
0.12022441338549861
0.12026898017466854
0.12035630100738963
0.11940453718030185
0.11984197599438484
0.12018192046346308
0.12091943034043333
0.12094356110093213
0.11999399079757121
0.1192102619242082
0.11970658922530412
0.12026938784843662
0.1201400092337325
0.11989101774041899
0.119871528472776
0.11988961177099783
0.11904862127251356
0.12041999253992296
0.11995376717141686
0.11957067932107648
0.1198774457728686
0.11998269345455377
0.11984199970435917
0.1198556822120018
0.12051635371545248
0.12022595946613121
0.1197518967273697
0.12047299116898477
0.11948929917128494
0.119906730953767
0.11990155950313489
0.12005048713643002
0.12077207462237234
0.11952496591208993
0.11953138640264643
0.12043697434680686
0.11916777309714231
0.11960129936493107
0.11982616917920727
0.11903242215586515
0.11976872554266381
0.11950920347069822
0.11883389505478507
0.12117319118241984
0.12139801538925069
0.12080918382869357
0.12087482358616514
0.12081367536835642
0.12091178172939548
0.1210372474159496
0.12011647783512706
0.11983663335739968
0.12051548904078868
0.12019784919143328
0.1197210293728058
0.12007813814234654
0.12094168734369386
0.12069740413261938
0.11799447705350433
0.12080453261103723
0.12018102633566238
0.11961623355065129
0.12092211139961503
0.11925359982832733
0.12113669641290839
0.12039549752651268
0.11901911229211286
0.11916802649530502
0.12009559524231538
0.12002571339521988
0.12093105231010307
0.12069029260888792
0.12102517744924034
0.12006060333161042
0.1185537419257217
0.12039096420290145
0.1202951790659718
0.12064979518031468
0.11992672305207348
