0.1173175914575196
0.11760501483248942
0.11934943264579573
0.1173807089449976
0.1182741135704367
0.11759521612243404
0.11789209758326366
0.11804500453469588
0.11780416630647743
0.11910169643740577
0.11750611924234639
0.11844943241480232
0.11672437032561463
0.11750149585278793
0.11846083730776157
0.11818231148986119
0.11774536595348203
0.11705859071401069
0.11775829632126374
0.11853170557722406
0.1171374505213012
0.11706320003727712
0.11741302668440258
0.11783896884475405
0.11711046744093268
0.11799675191840316
0.117525532816763
0.11738757698251853
0.11761942408983131
0.11787225343806607
0.11688762927215932
0.11877232250581965
0.1174610029842726
0.11865223584778967
0.11797043623262425
0.11827796185759587
0.11856031025134031
0.1184302348544677
0.11843637785664671
0.11809983509425974
0.11842689018400517
0.11834768492638911
0.11831012049095711
0.11846877472397363
0.11838531511767458
0.1174562959523709
0.1161403668404988
0.11856481680514823
0.11827657420896441
0.11726739610030268
0.11789025966669828
0.11846517570376239
0.11795299903885458
0.11800333936292229
0.11792607193310052
0.11790907131524973
0.1185486507389873
0.11750527233337621
0.11832820277759885
0.11861451350907404
0.1194443197946988
0.11773933049567013
0.11846189864705249
0.11652967208436275
0.1188177836757771
0.11816161812762545
0.11749344715935162
0.11817915367565185
0.11762352029323146
0.11778531918982527
0.11654784949834113
0.11833782779230763
0.11751115051275735
0.11817075724892438
0.11860451459529521
0.11714619133552233
0.11811974492400855
0.11838352935008505
0.11836297521862046
0.11850466232622818
0.11725491375977329
0.1177297757811916
0.11749086312697068
0.11781756068996292
0.11857271706409021
0.11952484361526135
0.118574844674936
0.11920855705390657
0.11922885340657846
0.1178853678856641
0.11844347604345772
0.1176633061410374
0.11844286375294015
0.11808455159174193
0.11819840578704828
0.11787323938770143
0.11654229180398464
0.11760464406326555
0.11743174222193396
0.11868797681419133
0.11857151414892043
0.11859442709577594
0.11852015036291891
0.1183109994086418
0.11749958829977246
0.11821163717184033
0.11804478221384652
0.11895118830766635
0.1173605192995332
0.11782274962864335
0.11680120898225083
0.117801848478966
0.11784079257286106
0.11720569323605794
0.1169444385096333
0.11785407492690292
0.11819492297952824
0.11868599276662865
0.11732551101278327
0.11878142950142535
0.11821929381139555
0.11700893067451244
0.11870966686339827
0.11798651847850168
0.11807703289198092
0.1174140935851255
0.11770651364101066
0.1180431949931464
0.11883770779538358
0.11793767491859528
0.11698780616433099
0.11731565208909751
0.11792335102090462
0.11809958378416675
0.11828567404476188
0.11879917248458997
0.11742760092653604
0.11912144331440792
0.1172346840980396
0.1172242101346935
0.11744745276959777
0.11721047571207249
0.1188298314686827
0.11854199832264867
0.11879696710459439
0.11856996157976266
0.11928707502893306
0.11811758619832345
0.1186107875667943
0.11856074142152771
0.11851126714021931
0.11857631179059865
0.11731939287458173
0.11861910819354765
0.11822361180833497
0.11852928468835319
0.11773328345255732
0.11791587155580237
0.11777936770798231
0.11830783009566202
0.11806316499055027
0.1188163925548569
0.11648074196375288
0.11751339220324634
0.11788666080677723
0.11782325301922116
0.11853563591475136
0.11863651630512657
0.1175896043054093
0.11855490679497907
0.11895709566636922
0.11752050086322813
0.11717629290254752
0.11725462397416239
0.11774893277152156
0.11785456410410203
0.11777163633979296
0.11734954239460312
0.11917586299609528
0.11801439369271122
0.11873340673680294
0.1182701166366674
0.11822968596062267
0.11844781764767673
0.11845623671435702
0.11775548939315165
0.11694614942922232
0.11815517030592326
0.11826111539292788
0.11799328262345739
0.11774240771515292
0.11724147966613782
0.11786296514008263
0.11794704206606531
0.11838898707116632
0.11864975400588115
0.11786054297801801
0.11816833237763193
0.1167885565401441
0.11817854132298466
0.11834729175121267
0.11695452377385265
0.11832255598359945
0.1171483808479897
0.11842154629780807
0.11776112857859533
0.11798305517796523
0.11788289112558815
0.11824794631097027
0.11759160644019441
0.1169059283096646
0.11894465469728055
0.11867336940311927
0.11839120499699375
0.11781321795836147
0.11844650341601605
0.11808532535848015
0.11822433172758624
0.11877949707227899
0.11822718065052423
0.11818773364149603
0.11710093203446516
0.11744355218745062
0.11694195371069491
0.1175676219798828
0.118226113623776
0.11687012379195744
0.11905070013973605
0.11897942899246561
0.11912635340698881
0.11803041303863061
0.11894368200549005
0.11747536514337435
0.1171033312041407
0.11812680954883209
0.11768969129823843
0.11804035213951189
0.11863402457684802
0.11883212282540262
0.11817254170549223
0.1183312486138874
0.11743460432201913
0.1170064275775121
0.1180623336620194
0.11722760887117573
0.11779637621357446
0.11764702902041393
0.11753352093751968
0.11802340296594956
0.11838282258230771
0.1172716975601244
0.11810582416247753
0.1175294860816248
0.11941033429690277
0.11823749143869054
0.11805825936681144
0.11838055124891453
0.11807498885883469
0.11762289586212059
0.11767803744708509
0.11803877668823735
0.11768654507111795
0.11848422437227377
0.11777881902843636
0.11811410892696557
0.11766364548786577
0.11849492808867679
0.11814723127499416
0.11770073151213713
0.11709297395714267
0.11763100694203393
0.11813186771311784
0.11823348743590154
0.11756226579096266
0.11764229492591063
0.11798694921619654
0.11733785194338182
0.11862115007701352
0.11791270453653178
0.1179516437360973
0.11726250305344703
0.11889027126123942
0.1180872190115563
0.1177580686404828
0.11862466446694202
0.11766439485166971
0.11742118550514127
0.11773977354330624
0.11777307843776584
0.11874133123320055
0.11795422964293413
0.11778814854539964
0.11693518571347293
0.11854921862970813
0.11901458757751908
0.11753541040305286
0.11844776196890272
0.11740093630603712
0.11810935677355532
0.1189958917867023
0.11815488880876486
0.11737883782772608
0.11765630583952598
0.11753577022888392
0.11784486955129694
0.11843478185051282
0.11841520983407995
0.11849243621635222
0.11737670264372782
0.11823147275423969
0.11731882089169472
0.1175494263658589
0.11830585553908525
0.11848102109122875
0.11764750155862215
0.11724727293607062
0.11784249384026228
0.11812543149259132
0.11776536963596257
0.11760991690101551
0.11686225739752015
0.11857810203773073
0.11777509605651991
0.11773677263861616
0.11732483099186486
0.11790156716193206
0.11781481678981247
0.1185179832018915
0.11861280250275913
0.11789780739981748
0.11679728655594768
0.11736186570484222
0.1176312403551093
0.11819423896773451
0.11782551864300275
0.11857464286677777
0.11682213502745742
0.11715623195010223
0.11739954519394759
0.11797340606745593
0.11773603373127893
0.11760755399608318
0.11799907006788478
0.11835406182353612
0.1178200962839336
0.11807978068334112
0.11838824709218891
0.11777176129965587
0.11783240304098395
0.11795644808959486
0.1180293287722043
0.11750783743251114
0.1181082249346167
0.11855637662675136
0.11769545068855994
0.11801813673990941
0.1179917237190784
0.11736046630467337
0.11794919355040544
0.11777950538319346
0.11732854078007547
0.11773365820539508
0.1173506975206812
0.11688889003128636
0.11891460218131666
0.1196023167265665
0.1182621681049417
0.11893150218486677
0.11842714661669608
0.11831261535250498
0.11920300675153422
0.11742901697781884
0.11834637083924136
0.11817736567443407
0.11782965813803463
0.11754189560142368
0.1178585576105648
0.11923076472077083
0.11789061101459158
0.11662839505297967
0.11831432076982115
0.11812924880280073
0.1176386630057406
0.1188897735283827
0.11726354406696575
0.11845723473103618
0.11837595383707075
0.11698198560434818
0.11716704596888652
0.11818963528441864
0.1180581015641123
0.11809632570308151
0.11797973470441527
0.11904746197275806
0.11836920939940626
0.11663926566130906
0.11815865777256633
0.11795883201078015
0.1186903533334835
0.11813433763004684
