0.11532326584109547
0.11643305284878128
0.11729029192989655
0.11577692657563571
0.11666672934727461
0.115987463681386
0.11602200966081712
0.11644910851771963
0.11614131715547682
0.11730048939431809
0.11565273401080961
0.11652850784005929
0.11545286780544507
0.1161976507450801
0.11622698806512755
0.11633596328596628
0.11620840345503253
0.1160373303122963
0.11612711319884252
0.11675540935090323
0.11573057484797165
0.11515814994772156
0.11602411207529903
0.11638137622498358
0.11531872493892521
0.11651059596684109
0.11641505516748027
0.11575992229815199
0.11601105373417621
0.1163707536844979
0.11528706913394755
0.11686809931732961
0.116213141355483
0.11740536646409977
0.1163805542030235
0.11636878607790258
0.1169029075791995
0.11633814790067007
0.11707582501478492
0.11664828224272382
0.11642766435759624
0.11656417348163893
0.1170212341449243
0.11673211891271988
0.11694191320806041
0.11596525419509485
0.11504114095145504
0.11668978859520715
0.11679673108374149
0.11616441807920229
0.11651486361293421
0.11643231816648689
0.11633454539099751
0.1161840507611855
0.1162504738843462
0.11601973532888744
0.11695155264629793
0.11567181178681527
0.11730942314409792
0.11670960221317891
0.11731862632771134
0.11629262562979846
0.1170442245612749
0.11557145579703287
0.11660759658443101
0.11639188615640209
0.11587117377305757
0.11672703754250513
0.11630473944430798
0.11627454703191638
0.11531456254264452
0.11648187630159101
0.11574950475160233
0.11698564507253753
0.11702106489398383
0.11547998586095613
0.11653979957640559
0.11672844361791898
0.11673962256694066
0.11661464917804858
0.11550917965813695
0.11586059559229035
0.11564700804850778
0.11643877558867424
0.11678681841647258
0.1175524429785915
0.11664796965698569
0.11718839035139568
0.11756332798281066
0.11581098263930885
0.11660821529641241
0.11577666964137266
0.11668293244980646
0.11668670472519427
0.11648232619714018
0.1157821926111911
0.11552208870126292
0.11596470941870744
0.11566817672700032
0.11686829147232175
0.11656330426009838
0.11754921396344602
0.11658939989278683
0.11681720820786488
0.11614907469154277
0.1162450237834892
0.11646357018946983
0.11708329451219855
0.1156583624629018
0.1159443145896307
0.1150595615798756
0.1159465006681623
0.1163167503234938
0.11532663800833791
0.11536281006567331
0.11627284153271185
0.1163035167825887
0.11625382380084488
0.11585700199181113
0.11688188108400294
0.11653082032549827
0.1157226148315625
0.11706221688035488
0.11665004681109806
0.1166564089708843
0.1162007053558233
0.11661736961225137
0.11626746229366873
0.11758148280743583
0.11624052602309053
0.1153475002722504
0.11539256521147055
0.11622122817039253
0.11545149721707833
0.1163753578866326
0.11697519396823966
0.11600264812432791
0.11720911905961277
0.11570861702111725
0.11561168529525051
0.11556864448623143
0.1153245419567452
0.11679411648719243
0.11723794610459738
0.11705025789148868
0.11668407066635383
0.11728316992466394
0.11648193297092164
0.11697967383874446
0.11709094516978187
0.11729447822452099
0.11706805354570081
0.11615483241122405
0.11715210462739759
0.11663030881916646
0.1170371603348055
0.11627624117368503
0.11593290757262412
0.1159639593781975
0.11680690338342536
0.11630975990261987
0.11730402701740895
0.11509938430887082
0.11543781091661476
0.11637905212813889
0.11610957861119074
0.11653633340120792
0.11724881920881292
0.1160332431781054
0.11693540036229362
0.11712804981470255
0.11565817294200685
0.11556192960798344
0.11576906965671371
0.11602124897629051
0.11577441042738622
0.11625339486943972
0.11580472077276628
0.11756949253244298
0.11599207309167622
0.11688682691705814
0.11639542160108426
0.11667166096037435
0.11688644353270893
0.116546600118597
0.11649845250191175
0.11593395986832629
0.11635809056038549
0.11652489377871084
0.1165713367926496
0.1155455353688187
0.11593048604221823
0.11538596973329572
0.11659853205143814
0.11684053253855652
0.11667687267905143
0.11590054857310535
0.11632536450472901
0.11576476248708598
0.11669736293449
0.11720954256994846
0.11585701759018162
0.1167399305105131
0.11535593548094274
0.11696629792859062
0.1161461574010038
0.11620092718893407
0.11583182695479481
0.1162504602251935
0.11605202078872894
0.11526341883616043
0.11732720090702153
0.11696557673982268
0.11638992265535496
0.11614303662883776
0.11663639788608791
0.11650714232538664
0.11652853584016422
0.11693341646507169
0.11664931286278891
0.11579782844356205
0.11542145548191363
0.11593593659762162
0.11574343473306913
0.11657714549190624
0.11668900620913125
0.11514549981292951
0.1169508974329715
0.11675494229420305
0.11741189997616899
0.11685969698167671
0.11719100046965415
0.11582688057323753
0.1157912295736573
0.1164165423667707
0.11626490295828704
0.1165166763610388
0.11698908416755176
0.11667279638528937
0.1163401705071666
0.11709493856874935
0.1156034178029942
0.11526020049542829
0.11654556007056732
0.11606116289427147
0.11619459559347761
0.11587689771441344
0.11553625540255741
0.11637891873809036
0.11709228475589828
0.11560388811474434
0.11692257293310934
0.11624356261051551
0.11764008154782553
0.11634556098645212
0.11642683308940298
0.1164857356661314
0.11699505453966387
0.11590335356768884
0.11616055708046916
0.11673072795120051
0.11577647221101595
0.11633930355685727
0.11620318513969115
0.1161622319722804
0.11590483964608345
0.11672787297044482
0.11743397592180833
0.11625731663641939
0.11510875137167458
0.1160480809998307
0.11655079947563633
0.11672578823974646
0.11575534468317802
0.11581539112252547
0.11621019980749561
0.11546949873856968
0.11670302789823767
0.11700282240426337
0.11599454087955219
0.11530974950922546
0.11737064300377571
0.11622926612867782
0.11596767215819076
0.1168932653353536
0.11555063889618267
0.11618822742914602
0.11651135813905064
0.11604151668659529
0.11672330527708112
0.11631129364386827
0.11587767993962915
0.11582844188890677
0.1168470120340176
0.11731138797532598
0.11587914473332729
0.11656774583048517
0.1160911715354025
0.11670194104677005
0.11688433903494823
0.11630969115650583
0.11616934726268859
0.1165259907449318
0.11681210703690979
0.11628589729741358
0.11667019910417327
0.11699979631636608
0.11659554651050945
0.11609908227518514
0.11636681286190692
0.1160283542588212
0.1161345697398493
0.11666472717586923
0.11680490589967522
0.1159242499644156
0.11608242296583009
0.11645838564432096
0.11713069156892958
0.11686680875107539
0.11619326006716038
0.1153673489062493
0.11662889477831606
0.11617965655068699
0.11644492130573766
0.11556952298762231
0.11661071599808363
0.11579969542297451
0.11712212790228088
0.11673108228710531
0.11603688748383563
0.11556345116556581
0.11579284671489765
0.11637654505355725
0.11640509094404747
0.11653635900708971
0.11595538454713956
0.11532835295701527
0.11578709302462736
0.11625781872557245
0.11661424358654071
0.11615204637773054
0.11633398489333655
0.11666933512869122
0.11612789486940156
0.11606056156290315
0.11596297355238971
0.11680604099296497
0.11606742177670319
0.11661577370628202
0.11621447341069105
0.11599790509482895
0.11579539786757581
0.11650947492903654
0.11697491994721469
0.11611035200995391
0.11632998951886876
0.11656959440185134
0.11624481247310169
0.1162884240264379
0.11607218981248524
0.11540060194974659
0.11594678782582958
0.11561655807962795
0.11560946143141441
0.11726409450563428
0.1170172816488506
0.11666679829517701
0.11671329475434006
0.11651978471188376
0.11678626303177722
0.11764704351197129
0.11583471925673276
0.11632260918647534
0.11664019247636606
0.11634216007988658
0.11564255786119002
0.11591003911348535
0.11698904398203243
0.11645523990779759
0.11484543657581024
0.11601270244804285
0.11654899793359433
0.1157006228382712
0.11712149317693796
0.11566004449316179
0.11630777146735619
0.11678493857841513
0.11524773592271258
0.11591140179532189
0.11624433549878038
0.11643995950063754
0.11656655987033455
0.11662029332844719
0.11739608778671674
0.11646897023234214
0.11548519594132713
0.11654311274849219
0.11643433450493396
0.11658712994978043
0.11655899455120905
