0.11429169767149389
0.11504524403691246
0.11481257990193489
0.11436728303668824
0.11465331972289546
0.11412809334972662
0.11411874816904548
0.11440495583057138
0.11409831664378656
0.11486541975530544
0.11457207737261305
0.11454107529592447
0.11442566682609118
0.11461411110675686
0.1145328603295174
0.11411392167330693
0.11441708897042327
0.11413132523475607
0.11537825776294125
0.11502519691353434
0.11434769987913876
0.11386089572215685
0.11405499817800405
0.11493776332946491
0.11427996264157926
0.11470659277180208
0.1147811419300426
0.11489660908418751
0.11444570035453806
0.11548179597125238
0.11443889054938261
0.11507592392387028
0.11415714287761251
0.11461204352600013
0.11423404918348498
0.11424172057489632
0.11481380705932757
0.1148890468036558
0.11553698227528308
0.1149539142276546
0.11478962967106417
0.11444238406824297
0.11527058383446459
0.11587089468684099
0.11483416214555023
0.11418946550343875
0.11381151551778773
0.11439913848479294
0.11512066197230275
0.11451299574185544
0.11544461425495603
0.11482127353288406
0.11466497450217988
0.1147993098611434
0.1150756763583964
0.11430537320401095
0.11435945634653172
0.1150321082814963
0.11535426608167836
0.11489904129034548
0.1153977892731436
0.11498485488539888
0.11451269064835874
0.11385899455506096
0.11509960476305955
0.11497500423558141
0.11478304803606215
0.1152073713204536
0.1144752726394832
0.11479665672384162
0.11357018531495494
0.11552571648377381
0.1142758587016744
0.11543104367089366
0.11493312086032907
0.11470773979445129
0.11512588120995329
0.11499817703216239
0.11473705302634343
0.11447703413074442
0.11431558837689547
0.1148997312841791
0.11491198024039129
0.11492780793434781
0.1150310434365813
0.11452551502986305
0.1149303862430813
0.11479294506894987
0.11488605724983325
0.11431499815260056
0.11421234284694821
0.11426011473878417
0.11505380742501158
0.11459368207338612
0.11438966794077976
0.11543497469822918
0.1145441404529282
0.11448697035598385
0.11387180982712868
0.11490253064055013
0.11508459733624056
0.11462343475217897
0.11465918564535688
0.11449363963330729
0.11445140731283683
0.11384539494491643
0.11442019723482093
0.11481888895907187
0.11395399002035521
0.11520270161088163
0.11497142158286645
0.113619164584802
0.11377716508756315
0.11380368559014571
0.11441462989288219
0.11520394909490743
0.115800742476182
0.11459307749794027
0.11488677439147787
0.11526326262681581
0.11435533819003142
0.11464226488897504
0.1147391141005674
0.11433810840231808
0.11518866180393604
0.11497422937016183
0.11503574447074721
0.1143024917250766
0.11438100150363636
0.1149305407020518
0.11428005090819093
0.11513989077533109
0.11444761973238905
0.11422250475095787
0.11507297748493708
0.11511201144199733
0.1150813483916352
0.11537690115203655
0.11466433207644403
0.11491387286191042
0.11502654291225331
0.11450739355321712
0.11429198145646711
0.11572421413306576
0.11491247366216355
0.11543030601851673
0.11492429752171977
0.11531029801648855
0.11517097907539757
0.11460906147161866
0.11533164406723512
0.11522633546418672
0.1140466358224675
0.11541974132964172
0.11460339228770094
0.11463262176904493
0.1138950903605294
0.11472167225226061
0.11489938273302389
0.1154669840705575
0.11452779205651062
0.11538705496731555
0.115359607204182
0.1136101383637516
0.1144358733755716
0.11474312503121971
0.11472050262052144
0.11579673349510308
0.1152324491279801
0.1148104308837456
0.11638543319476186
0.11520497104204255
0.11452274501230159
0.11452185516540137
0.11448388959675886
0.11370155280279924
0.1138150124837008
0.11418881880629571
0.11543949009210913
0.11448229017332061
0.11451669416923467
0.11508868979757793
0.11462995255466679
0.11499609941443559
0.11495322764662552
0.11371938207559432
0.11542223004194849
0.11458219332554041
0.11454756501554023
0.11447017732273412
0.11442874192069773
0.11449538872000471
0.113994744616114
0.1141995206825632
0.11445069654321684
0.11513382017735609
0.11384273991171254
0.11517668701570292
0.11448453557793684
0.11468708740866186
0.11499648144952616
0.11433319073296531
0.11491538018207996
0.11488815810751174
0.11586005031857244
0.11582841577179986
0.11504279150755292
0.1146101485927814
0.11489331340182163
0.11512333150542363
0.11397099436403732
0.11551683849545717
0.114107137729207
0.1143455737233847
0.1144096358367315
0.11500160872222309
0.1146032770480063
0.11433605732018874
0.11503596824082289
0.11495160111154662
0.11460372344939643
0.1141298263010947
0.11541875319279377
0.11456256000288267
0.11409434504018884
0.11494097380731833
0.11493801014678383
0.11569821823771358
0.11407899520935068
0.11429932414531932
0.114803047674081
0.11530455581548137
0.11500517971563334
0.11459954474003128
0.11514319961557587
0.11453057628725158
0.11531055404178969
0.11496566083095729
0.11432085799827638
0.11475296001610168
0.11518542990436992
0.11474741378011072
0.11529491597379497
0.11517659286413
0.11389504341945772
0.1151864118134523
0.11426484153995997
0.11433223539331917
0.11534373589924397
0.11467278505896795
0.11389109886963023
0.11486895956660698
0.11352787764021756
0.11498488373437879
0.11526647685997486
0.11561010827297975
0.11523611367384115
0.11508356843913549
0.11520646408985327
0.11499754280503294
0.11487443905112232
0.1149415898250937
0.11497340040037128
0.11436113760742483
0.11421242890620398
0.11544171537484571
0.11527164927709492
0.1147052616711844
0.11438616717693707
0.11450207683017026
0.11369972687071266
0.11485392089241125
0.11399362786181522
0.11461945178256343
0.1147161536457617
0.11502071237202972
0.11420893214263207
0.1156483757904971
0.11496166275436948
0.11553699463211506
0.11463554522493803
0.11478264402374266
0.11474060613744108
0.11500270783616427
0.11486103586792207
0.1149093965234163
0.11410884096315826
0.11518335730153599
0.11507678492342704
0.11471149899098322
0.11578692765694301
0.1140977019285162
0.11448779091480675
0.11509080000057133
0.11559721211891257
0.1152375577415191
0.11489666095349074
0.11470396780843393
0.11476611743102619
0.1146518763491274
0.11513323845316896
0.1147898266774882
0.1145627198273117
0.11457191078252867
0.11546249239070454
0.1138892960194961
0.11508806176893818
0.11450853304176628
0.114089983735149
0.1144244034796186
0.11440033265731663
0.11512350415482374
0.11424645766344456
0.11468469887837125
0.11442226721326101
0.11416522273839279
0.11494222977957659
0.11510159375360955
0.11515579468784866
0.11498055286666757
0.11375356910747507
0.11577723447398261
0.11458097109948467
0.11439287785743439
0.11444148980165934
0.11514502723670587
0.1163961728700009
0.1145382364840142
0.1155202547896063
0.11446668281154516
0.11409319042002135
0.1142964239820007
0.1144314027604626
0.11458137526070653
0.11409153717723908
0.11458719905242552
0.11505987458825534
0.11474040841652126
0.11394267058838789
0.11444250993755402
0.1147637762489519
0.11435355786907937
0.11450641047401769
0.11475779596725977
0.11494425433889582
0.11452031897412637
0.11510713122907547
0.11483247067478673
0.1152891943650057
0.11428799731481383
0.1144655415851767
0.11406498179261032
0.11425903022463398
0.11444856717491915
0.1141915961098129
0.11424562677667333
0.1151974374805223
0.11446546553486737
0.11475289535921648
0.11431992003292359
0.11450053294921073
0.11502307695304097
0.11437709360171386
0.11448210865327701
0.11573774910102291
0.11619694949220223
0.11530161484181993
0.1145747710533725
0.11483525471206792
0.11469740220761525
0.11549225860942845
0.11472876046737479
0.11554517159477883
0.11480409424634082
0.11525429520475396
0.11487143622336948
0.11482602272893921
0.11438990475341813
0.1143422539682152
0.11469752654244325
0.11434589015091517
0.11470130501567984
0.11466863092349915
0.11520429673770248
0.11422506193573817
0.11491902507030201
0.11488770928186778
0.1153502717854872
0.11409936306671752
0.11500902518754254
0.11494668488352394
0.11505046145817033
0.11412592446676001
0.11468847244102218
0.11442114522440876
0.11412170433627648
0.11407960864684345
0.11439955816352076
0.11420629296696828
0.11558959814070305
